L	0.2483	2.8036	1477010443100000	-0.0008	2.8000	-0.0157	0.9999
R	3.1093	1.5713	0.9300	1477010443500000	-0.0353	3.1982	-0.1409	0.9900
L	0.2533	3.9096	1477010443900000	-0.1194	3.5890	-0.2639	0.9646
R	4.0360	1.6577	1.1593	1477010444300000	-0.2519	3.9662	-0.3827	0.9239
L	-0.5389	4.3615	1477010444700000	-0.4305	4.3238	-0.4955	0.8686
R	4.7081	1.7153	0.7239	1477010445100000	-0.6526	4.6562	-0.6004	0.7997
L	-0.8861	4.8224	1477010445500000	-0.9146	4.9581	-0.6959	0.7181
R	5.3947	1.7894	0.4927	1477010445900000	-1.2124	5.2248	-0.7804	0.6252
L	-1.2639	5.2266	1477010446300000	-1.5412	5.4520	-0.8526	0.5225
R	5.8850	1.8643	0.5881	1477010446700000	-1.8960	5.6363	-0.9114	0.4115
L	-1.9782	5.8483	1477010447100000	-2.2710	5.7747	-0.9558	0.2940
R	6.5803	1.9971	0.4650	1477010447500000	-2.6604	5.8649	-0.9851	0.1719
L	-3.0666	5.7697	1477010447900000	-3.0581	5.9057	-0.9989	0.0471
R	6.5690	2.0654	0.1754	1477010448300000	-3.4577	5.8963	-0.9969	-0.0785
L	-3.7409	5.9432	1477010448700000	-3.8530	5.8368	-0.9792	-0.2028
R	7.5328	2.2151	0.2953	1477010449100000	-4.2377	5.7283	-0.9461	-0.3239
L	-4.4846	5.4948	1477010449500000	-4.6058	5.5725	-0.8980	-0.4399
R	7.7541	2.3560	0.3255	1477010449900000	-4.9515	5.3717	-0.8358	-0.5490
L	-5.1360	4.9637	1477010450300000	-5.2693	5.1292	-0.7604	-0.6494
R	8.1217	2.4466	-0.0395	1477010450700000	-5.5541	4.8487	-0.6730	-0.7396
L	-5.9278	4.6344	1477010451100000	-5.8016	4.5348	-0.5750	-0.8181
R	7.1068	2.4902	-0.4184	1477010451500000	-6.0078	4.1923	-0.4679	-0.8838
L	-6.1669	3.8633	1477010451900000	-6.1694	3.8267	-0.3535	-0.9354
R	7.4487	2.6658	-0.6929	1477010452300000	-6.2840	3.4438	-0.2335	-0.9724
L	-6.2384	3.1251	1477010452700000	-6.3496	3.0494	-0.1097	-0.9940
R	6.6666	2.7758	0.0779	1477010453100000	-6.3653	2.6500	0.0157	-0.9999
L	-6.3475	2.3975	1477010453500000	-6.3308	2.2518	0.1409	-0.9900
R	6.4969	2.8766	-1.0880	1477010453900000	-6.2467	1.8610	0.2639	-0.9646
L	-6.4506	1.2480	1477010454300000	-6.1142	1.4838	0.3827	-0.9239
R	5.8431	2.9620	-0.7395	1477010454700000	-5.9355	1.1262	0.4954	-0.8686
L	-5.6014	0.7532	1477010455100000	-5.7135	0.7939	0.6004	-0.7997
R	5.3031	3.0490	-1.1886	1477010455500000	-5.4515	0.4919	0.6959	-0.7181
L	-5.0096	0.2247	1477010455900000	-5.1537	0.2252	0.7804	-0.6253
R	4.8633	-3.1538	-1.2925	1477010456300000	-4.8249	-0.0020	0.8526	-0.5225
L	-4.4954	-0.1748	1477010456700000	-4.4701	-0.1863	0.9114	-0.4115
R	4.6265	-3.0801	-1.0241	1477010457100000	-4.0951	-0.3247	0.9558	-0.2941
L	-3.7094	-0.5249	1477010457500000	-3.7057	-0.4149	0.9851	-0.1720
R	3.5481	-2.9725	-1.1237	1477010457900000	-3.3080	-0.4557	0.9989	-0.0471
L	-2.8274	-0.3048	1477010458300000	-2.9084	-0.4463	0.9969	0.0784
R	2.4022	-2.9600	-1.1363	1477010458700000	-2.5131	-0.3868	0.9792	0.2028
L	-1.9969	-0.5300	1477010459100000	-2.1284	-0.2783	0.9461	0.3239
R	2.0548	-3.0442	-1.2022	1477010459500000	-1.7603	-0.1225	0.8980	0.4399
L	-1.3064	0.3716	1477010459900000	-1.4146	0.0783	0.8358	0.5490
R	1.4105	2.8642	0.0721	1477010460300000	-1.0968	0.3208	0.7604	0.6494
L	-0.9236	0.3836	1477010460700000	-0.8119	0.6013	0.6730	0.7396
R	0.8248	2.1432	1.0928	1477010461100000	-0.5645	0.9152	0.5750	0.8181
L	-0.1225	1.2910	1477010461500000	-0.3583	1.2577	0.4680	0.8837
R	1.7420	1.6676	0.8699	1477010461900000	-0.1967	1.6233	0.3535	0.9354
L	-0.0448	1.8582	1477010462300000	-0.0821	2.0062	0.2335	0.9724
R	2.4457	1.6006	0.7654	1477010462700000	-0.0165	2.4006	0.1098	0.9940
L	0.1133	2.9969	1477010463100000	-0.0008	2.8000	-0.0157	0.9999
R	2.9606	1.5665	0.9257	1477010463500000	0.0212	3.1991	0.1098	0.9940
L	-0.0904	3.8783	1477010463900000	0.0930	3.5924	0.2335	0.9724
R	3.9151	1.5086	0.9653	1477010464300000	0.2135	3.9735	0.3535	0.9354
L	0.6036	4.3496	1477010464700000	0.3809	4.3365	0.4680	0.8837
R	4.6118	1.4741	1.2326	1477010465100000	0.5924	4.6757	0.5750	0.8181
L	0.5393	5.1416	1477010465500000	0.8448	4.9857	0.6730	0.7396
R	5.3397	1.3802	1.4033	1477010465900000	1.1340	5.2616	0.7604	0.6494
L	1.4027	5.6401	1477010466300000	1.4556	5.4991	0.8358	0.5490
R	6.3158	1.2578	0.5457	1477010466700000	1.8044	5.6944	0.8980	0.4399
L	2.0674	6.1208	1477010467100000	2.1749	5.8445	0.9461	0.3239
R	6.8634	1.0983	1.1669	1477010467500000	2.5613	5.9470	0.9792	0.2028
L	2.8955	5.6960	1477010467900000	2.9574	6.0002	0.9969	0.0784
R	6.9846	1.0793	0.7625	1477010468300000	3.3572	6.0033	0.9989	-0.0471
L	3.6329	6.0860	1477010468700000	3.7541	5.9563	0.9851	-0.1720
R	6.7744	0.9391	0.5707	1477010469100000	4.1421	5.8600	0.9558	-0.2941
L	4.4147	5.5405	1477010469500000	4.5149	5.7157	0.9114	-0.4115
R	6.6785	0.8164	-0.2113	1477010469900000	4.8667	5.5259	0.8526	-0.5225
L	5.2748	5.1642	1477010470300000	5.1919	5.2935	0.7804	-0.6253
R	7.4144	0.6576	-0.6719	1477010470700000	5.4855	5.0221	0.6959	-0.7181
L	5.4736	4.6264	1477010471100000	5.7427	4.7161	0.6004	-0.7997
R	7.3788	0.5713	0.0257	1477010471500000	5.9595	4.3803	0.4954	-0.8686
L	6.3450	3.9940	1477010471900000	6.1326	4.0200	0.3827	-0.9239
R	7.4169	0.5141	0.0350	1477010472300000	6.2591	3.6408	0.2639	-0.9646
L	6.3278	3.2228	1477010472700000	6.3370	3.2487	0.1409	-0.9900
R	7.1436	0.4000	0.0181	1477010473100000	6.3653	2.8500	0.0157	-0.9999
L	6.6223	2.4731	1477010473500000	6.3433	2.4508	-0.1097	-0.9940
R	6.1544	0.3482	-0.8645	1477010473900000	6.2715	2.0576	-0.2335	-0.9724
L	5.9770	1.8301	1477010474300000	6.1510	1.6765	-0.3535	-0.9354
R	6.1356	0.2572	-0.4486	1477010474700000	5.9836	1.3135	-0.4679	-0.8838
L	5.8748	0.6993	1477010475100000	5.7721	0.9743	-0.5750	-0.8181
R	5.3996	0.1568	-1.2537	1477010475500000	5.5197	0.6643	-0.6730	-0.7396
L	5.2238	0.3927	1477010475900000	5.2304	0.3883	-0.7604	-0.6494
R	4.5954	0.0262	-0.8758	1477010476300000	4.9089	0.1509	-0.8358	-0.5490
L	4.5146	-0.0454	1477010476700000	4.5601	-0.0445	-0.8980	-0.4399
R	3.6655	-0.0611	-1.2621	1477010477100000	4.1896	-0.1945	-0.9461	-0.3239
L	3.7043	-0.4134	1477010477500000	3.8032	-0.2970	-0.9792	-0.2028
R	4.2628	-0.1067	-0.6594	1477010477900000	3.4071	-0.3502	-0.9969	-0.0785
L	2.8578	-0.3983	1477010478300000	3.0073	-0.3533	-0.9989	0.0471
R	2.7427	-0.1014	-0.5176	1477010478700000	2.6104	-0.3064	-0.9851	0.1719
L	2.2260	-0.1517	1477010479100000	2.2224	-0.2100	-0.9558	0.2940
R	1.7359	-0.0342	-0.7843	1477010479500000	1.8496	-0.0658	-0.9114	0.4115
L	1.4395	0.1547	1477010479900000	1.4978	0.1241	-0.8526	0.5225
R	1.0546	0.2918	-0.8322	1477010480300000	1.1726	0.3565	-0.7804	0.6252
L	0.9361	0.6615	1477010480700000	0.8790	0.6278	-0.6959	0.7181
R	1.2533	0.9587	0.8133	1477010481100000	0.6218	0.9338	-0.6004	0.7997
L	0.4384	1.2883	1477010481500000	0.4050	1.2696	-0.4955	0.8686
R	1.6840	1.4971	0.6115	1477010481900000	0.2319	1.6300	-0.3827	0.9239
L	-0.0156	1.9487	1477010482300000	0.1054	2.0092	-0.2639	0.9646
R	2.4033	1.5527	1.3716	1477010482700000	0.0274	2.4012	-0.1409	0.9900
L	-0.2920	2.9544	1477010483100000	-0.0008	2.8000	-0.0157	0.9999
